512 664 7.0 1 0 0
1 1 1 -12.740749670468105 12.740749670468105 12.740749670468105 12.740749670468105 -12.740749670468105 12.740749670468105 12.740749670468105 12.740749670468105 -12.740749670468105
W 0.0 0.0 0.0 183.84
W 1.5925937088085131 1.5925937088085131 -1.5925937088085131 183.84
W 3.1851874176170263 3.1851874176170263 -3.1851874176170263 183.84
W 4.777781126425539 4.777781126425539 -4.777781126425539 183.84
W 6.370374835234053 6.370374835234053 -6.370374835234053 183.84
W 7.962968544042566 7.962968544042566 -7.962968544042566 183.84
W 9.555562252851079 9.555562252851079 -9.555562252851079 183.84
W 11.148155961659592 11.148155961659592 -11.148155961659592 183.84
W 1.5925937088085131 -1.5925937088085131 1.5925937088085131 183.84
W 3.1851874176170263 0.0 0.0 183.84
W 4.777781126425539 1.5925937088085131 -1.5925937088085131 183.84
W 6.370374835234053 3.1851874176170263 -3.1851874176170263 183.84
W 7.962968544042566 4.777781126425539 -4.777781126425539 183.84
W 9.555562252851079 6.370374835234053 -6.370374835234053 183.84
W 11.148155961659592 7.962968544042566 -7.962968544042566 183.84
W 12.740749670468105 9.555562252851079 -9.555562252851079 183.84
W 3.1851874176170263 -3.1851874176170263 3.1851874176170263 183.84
W 4.777781126425539 -1.5925937088085131 1.5925937088085131 183.84
W 6.370374835234053 0.0 0.0 183.84
W 7.962968544042566 1.5925937088085131 -1.5925937088085131 183.84
W 9.555562252851079 3.1851874176170263 -3.1851874176170263 183.84
W 11.148155961659592 4.777781126425539 -4.777781126425539 183.84
W 12.740749670468105 6.370374835234053 -6.370374835234053 183.84
W 14.333343379276618 7.962968544042566 -7.962968544042566 183.84
W 4.777781126425539 -4.777781126425539 4.777781126425539 183.84
W 6.370374835234053 -3.1851874176170263 3.1851874176170263 183.84
W 7.962968544042566 -1.5925937088085131 1.5925937088085131 183.84
W 9.555562252851079 0.0 0.0 183.84
W 11.148155961659592 1.5925937088085131 -1.5925937088085131 183.84
W 12.740749670468105 3.1851874176170263 -3.1851874176170263 183.84
W 14.333343379276618 4.777781126425539 -4.777781126425539 183.84
W 15.925937088085131 6.370374835234053 -6.370374835234053 183.84
W 6.370374835234053 -6.370374835234053 6.370374835234053 183.84
W 7.962968544042566 -4.777781126425539 4.777781126425539 183.84
W 9.555562252851079 -3.1851874176170263 3.1851874176170263 183.84
W 11.148155961659592 -1.5925937088085131 1.5925937088085131 183.84
W 12.740749670468105 0.0 0.0 183.84
W 14.333343379276618 1.5925937088085131 -1.5925937088085131 183.84
W 15.925937088085131 3.1851874176170263 -3.1851874176170263 183.84
W 17.518530796893643 4.777781126425539 -4.777781126425539 183.84
W 7.962968544042566 -7.962968544042566 7.962968544042566 183.84
W 9.555562252851079 -6.370374835234053 6.370374835234053 183.84
W 11.148155961659592 -4.777781126425539 4.777781126425539 183.84
W 12.740749670468105 -3.1851874176170263 3.1851874176170263 183.84
W 14.333343379276618 -1.5925937088085131 1.5925937088085131 183.84
W 15.925937088085131 0.0 0.0 183.84
W 17.518530796893643 1.5925937088085131 -1.5925937088085131 183.84
W 19.111124505702158 3.1851874176170263 -3.1851874176170263 183.84
W 9.555562252851079 -9.555562252851079 9.555562252851079 183.84
W 11.148155961659592 -7.962968544042566 7.962968544042566 183.84
W 12.740749670468105 -6.370374835234053 6.370374835234053 183.84
W 14.333343379276618 -4.777781126425539 4.777781126425539 183.84
W 15.925937088085131 -3.1851874176170263 3.1851874176170263 183.84
W 17.518530796893643 -1.5925937088085131 1.5925937088085131 183.84
W 19.111124505702158 0.0 0.0 183.84
W 20.703718214510673 1.5925937088085131 -1.5925937088085131 183.84
W 11.148155961659592 -11.148155961659592 11.148155961659592 183.84
W 12.740749670468105 -9.555562252851079 9.555562252851079 183.84
W 14.333343379276618 -7.962968544042566 7.962968544042566 183.84
W 15.925937088085131 -6.370374835234053 6.370374835234053 183.84
W 17.518530796893643 -4.777781126425539 4.777781126425539 183.84
W 19.111124505702158 -3.1851874176170263 3.1851874176170263 183.84
W 20.703718214510673 -1.5925937088085131 1.5925937088085131 183.84
W 22.296311923319184 0.0 0.0 183.84
W -1.5925937088085131 1.5925937088085131 1.5925937088085131 183.84
W 0.0 3.1851874176170263 0.0 183.84
W 1.5925937088085131 4.777781126425539 -1.5925937088085131 183.84
W 3.1851874176170263 6.370374835234053 -3.1851874176170263 183.84
W 4.777781126425539 7.962968544042566 -4.777781126425539 183.84
W 6.370374835234053 9.555562252851079 -6.370374835234053 183.84
W 7.962968544042566 11.148155961659592 -7.962968544042566 183.84
W 9.555562252851079 12.740749670468105 -9.555562252851079 183.84
W 0.0 0.0 3.1851874176170263 183.84
W 1.5925937088085131 1.5925937088085131 1.5925937088085131 183.84
W 3.1851874176170263 3.1851874176170263 0.0 183.84
W 4.777781126425539 4.777781126425539 -1.5925937088085131 183.84
W 6.370374835234053 6.370374835234053 -3.1851874176170263 183.84
W 7.962968544042566 7.962968544042566 -4.777781126425539 183.84
W 9.555562252851079 9.555562252851079 -6.370374835234053 183.84
W 11.148155961659592 11.148155961659592 -7.962968544042566 183.84
W 1.5925937088085131 -1.5925937088085131 4.777781126425539 183.84
W 3.1851874176170263 0.0 3.1851874176170263 183.84
W 4.777781126425539 1.5925937088085131 1.5925937088085131 183.84
W 6.370374835234053 3.1851874176170263 0.0 183.84
W 7.962968544042566 4.777781126425539 -1.5925937088085131 183.84
W 9.555562252851079 6.370374835234053 -3.1851874176170263 183.84
W 11.148155961659592 7.962968544042566 -4.777781126425539 183.84
W 12.740749670468105 9.555562252851079 -6.370374835234053 183.84
W 3.1851874176170263 -3.1851874176170263 6.370374835234053 183.84
W 4.777781126425539 -1.5925937088085131 4.777781126425539 183.84
W 6.370374835234053 0.0 3.1851874176170263 183.84
W 7.962968544042566 1.5925937088085131 1.5925937088085131 183.84
W 9.555562252851079 3.1851874176170263 0.0 183.84
W 11.148155961659592 4.777781126425539 -1.5925937088085131 183.84
W 12.740749670468105 6.370374835234053 -3.1851874176170263 183.84
W 14.333343379276618 7.962968544042566 -4.777781126425539 183.84
W 4.777781126425539 -4.777781126425539 7.962968544042566 183.84
W 6.370374835234053 -3.1851874176170263 6.370374835234053 183.84
W 7.962968544042566 -1.5925937088085131 4.777781126425539 183.84
W 9.555562252851079 0.0 3.1851874176170263 183.84
W 11.148155961659592 1.5925937088085131 1.5925937088085131 183.84
W 12.740749670468105 3.1851874176170263 0.0 183.84
W 14.333343379276618 4.777781126425539 -1.5925937088085131 183.84
W 15.925937088085131 6.370374835234053 -3.1851874176170263 183.84
W 6.370374835234053 -6.370374835234053 9.555562252851079 183.84
W 7.962968544042566 -4.777781126425539 7.962968544042566 183.84
W 9.555562252851079 -3.1851874176170263 6.370374835234053 183.84
W 11.148155961659592 -1.5925937088085131 4.777781126425539 183.84
W 12.740749670468105 0.0 3.1851874176170263 183.84
W 14.333343379276618 1.5925937088085131 1.5925937088085131 183.84
W 15.925937088085131 3.1851874176170263 0.0 183.84
W 17.518530796893643 4.777781126425539 -1.5925937088085131 183.84
W 7.962968544042566 -7.962968544042566 11.148155961659592 183.84
W 9.555562252851079 -6.370374835234053 9.555562252851079 183.84
W 11.148155961659592 -4.777781126425539 7.962968544042566 183.84
W 12.740749670468105 -3.1851874176170263 6.370374835234053 183.84
W 14.333343379276618 -1.5925937088085131 4.777781126425539 183.84
W 15.925937088085131 0.0 3.1851874176170263 183.84
W 17.518530796893643 1.5925937088085131 1.5925937088085131 183.84
W 19.111124505702158 3.1851874176170263 0.0 183.84
W 9.555562252851079 -9.555562252851079 12.740749670468105 183.84
W 11.148155961659592 -7.962968544042566 11.148155961659592 183.84
W 12.740749670468105 -6.370374835234053 9.555562252851079 183.84
W 14.333343379276618 -4.777781126425539 7.962968544042566 183.84
W 15.925937088085131 -3.1851874176170263 6.370374835234053 183.84
W 17.518530796893643 -1.5925937088085131 4.777781126425539 183.84
W 19.111124505702158 0.0 3.1851874176170263 183.84
W 20.703718214510673 1.5925937088085131 1.5925937088085131 183.84
W -3.1851874176170263 3.1851874176170263 3.1851874176170263 183.84
W -1.5925937088085131 4.777781126425539 1.5925937088085131 183.84
W 0.0 6.370374835234053 0.0 183.84
W 1.5925937088085131 7.962968544042566 -1.5925937088085131 183.84
W 3.1851874176170263 9.555562252851079 -3.1851874176170263 183.84
W 4.777781126425539 11.148155961659592 -4.777781126425539 183.84
W 6.370374835234053 12.740749670468105 -6.370374835234053 183.84
W 7.962968544042566 14.333343379276618 -7.962968544042566 183.84
W -1.5925937088085131 1.5925937088085131 4.777781126425539 183.84
W 0.0 3.1851874176170263 3.1851874176170263 183.84
W 1.5925937088085131 4.777781126425539 1.5925937088085131 183.84
W 3.1851874176170263 6.370374835234053 0.0 183.84
W 4.777781126425539 7.962968544042566 -1.5925937088085131 183.84
W 6.370374835234053 9.555562252851079 -3.1851874176170263 183.84
W 7.962968544042566 11.148155961659592 -4.777781126425539 183.84
W 9.555562252851079 12.740749670468105 -6.370374835234053 183.84
W 0.0 0.0 6.370374835234053 183.84
W 1.5925937088085131 1.5925937088085131 4.777781126425539 183.84
W 3.1851874176170263 3.1851874176170263 3.1851874176170263 183.84
W 4.777781126425539 4.777781126425539 1.5925937088085131 183.84
W 6.370374835234053 6.370374835234053 0.0 183.84
W 7.962968544042566 7.962968544042566 -1.5925937088085131 183.84
W 9.555562252851079 9.555562252851079 -3.1851874176170263 183.84
W 11.148155961659592 11.148155961659592 -4.777781126425539 183.84
W 1.5925937088085131 -1.5925937088085131 7.962968544042566 183.84
W 3.1851874176170263 0.0 6.370374835234053 183.84
W 4.777781126425539 1.5925937088085131 4.777781126425539 183.84
W 6.370374835234053 3.1851874176170263 3.1851874176170263 183.84
W 7.962968544042566 4.777781126425539 1.5925937088085131 183.84
W 9.555562252851079 6.370374835234053 0.0 183.84
W 11.148155961659592 7.962968544042566 -1.5925937088085131 183.84
W 12.740749670468105 9.555562252851079 -3.1851874176170263 183.84
W 3.1851874176170263 -3.1851874176170263 9.555562252851079 183.84
W 4.777781126425539 -1.5925937088085131 7.962968544042566 183.84
W 6.370374835234053 0.0 6.370374835234053 183.84
W 7.962968544042566 1.5925937088085131 4.777781126425539 183.84
W 9.555562252851079 3.1851874176170263 3.1851874176170263 183.84
W 11.148155961659592 4.777781126425539 1.5925937088085131 183.84
W 12.740749670468105 6.370374835234053 0.0 183.84
W 14.333343379276618 7.962968544042566 -1.5925937088085131 183.84
W 4.777781126425539 -4.777781126425539 11.148155961659592 183.84
W 6.370374835234053 -3.1851874176170263 9.555562252851079 183.84
W 7.962968544042566 -1.5925937088085131 7.962968544042566 183.84
W 9.555562252851079 0.0 6.370374835234053 183.84
W 11.148155961659592 1.5925937088085131 4.777781126425539 183.84
W 12.740749670468105 3.1851874176170263 3.1851874176170263 183.84
W 14.333343379276618 4.777781126425539 1.5925937088085131 183.84
W 15.925937088085131 6.370374835234053 0.0 183.84
W 6.370374835234053 -6.370374835234053 12.740749670468105 183.84
W 7.962968544042566 -4.777781126425539 11.148155961659592 183.84
W 9.555562252851079 -3.1851874176170263 9.555562252851079 183.84
W 11.148155961659592 -1.5925937088085131 7.962968544042566 183.84
W 12.740749670468105 0.0 6.370374835234053 183.84
W 14.333343379276618 1.5925937088085131 4.777781126425539 183.84
W 15.925937088085131 3.1851874176170263 3.1851874176170263 183.84
W 17.518530796893643 4.777781126425539 1.5925937088085131 183.84
W 7.962968544042566 -7.962968544042566 14.333343379276618 183.84
W 9.555562252851079 -6.370374835234053 12.740749670468105 183.84
W 11.148155961659592 -4.777781126425539 11.148155961659592 183.84
W 12.740749670468105 -3.1851874176170263 9.555562252851079 183.84
W 14.333343379276618 -1.5925937088085131 7.962968544042566 183.84
W 15.925937088085131 0.0 6.370374835234053 183.84
W 17.518530796893643 1.5925937088085131 4.777781126425539 183.84
W 19.111124505702158 3.1851874176170263 3.1851874176170263 183.84
W -4.777781126425539 4.777781126425539 4.777781126425539 183.84
W -3.1851874176170263 6.370374835234053 3.1851874176170263 183.84
W -1.5925937088085131 7.962968544042566 1.5925937088085131 183.84
W 0.0 9.555562252851079 0.0 183.84
W 1.5925937088085131 11.148155961659592 -1.5925937088085131 183.84
W 3.1851874176170263 12.740749670468105 -3.1851874176170263 183.84
W 4.777781126425539 14.333343379276618 -4.777781126425539 183.84
W 6.370374835234053 15.925937088085131 -6.370374835234053 183.84
W -3.1851874176170263 3.1851874176170263 6.370374835234053 183.84
W -1.5925937088085131 4.777781126425539 4.777781126425539 183.84
W 0.0 6.370374835234053 3.1851874176170263 183.84
W 1.5925937088085131 7.962968544042566 1.5925937088085131 183.84
W 3.1851874176170263 9.555562252851079 0.0 183.84
W 4.777781126425539 11.148155961659592 -1.5925937088085131 183.84
W 6.370374835234053 12.740749670468105 -3.1851874176170263 183.84
W 7.962968544042566 14.333343379276618 -4.777781126425539 183.84
W -1.5925937088085131 1.5925937088085131 7.962968544042566 183.84
W 0.0 3.1851874176170263 6.370374835234053 183.84
W 1.5925937088085131 4.777781126425539 4.777781126425539 183.84
W 3.1851874176170263 6.370374835234053 3.1851874176170263 183.84
W 4.777781126425539 7.962968544042566 1.5925937088085131 183.84
W 6.370374835234053 9.555562252851079 0.0 183.84
W 7.962968544042566 11.148155961659592 -1.5925937088085131 183.84
W 9.555562252851079 12.740749670468105 -3.1851874176170263 183.84
W 0.0 0.0 9.555562252851079 183.84
W 1.5925937088085131 1.5925937088085131 7.962968544042566 183.84
W 3.1851874176170263 3.1851874176170263 6.370374835234053 183.84
W 4.777781126425539 4.777781126425539 4.777781126425539 183.84
W 6.370374835234053 6.370374835234053 3.1851874176170263 183.84
W 7.962968544042566 7.962968544042566 1.5925937088085131 183.84
W 9.555562252851079 9.555562252851079 0.0 183.84
W 11.148155961659592 11.148155961659592 -1.5925937088085131 183.84
W 1.5925937088085131 -1.5925937088085131 11.148155961659592 183.84
W 3.1851874176170263 0.0 9.555562252851079 183.84
W 4.777781126425539 1.5925937088085131 7.962968544042566 183.84
W 6.370374835234053 3.1851874176170263 6.370374835234053 183.84
W 7.962968544042566 4.777781126425539 4.777781126425539 183.84
W 9.555562252851079 6.370374835234053 3.1851874176170263 183.84
W 11.148155961659592 7.962968544042566 1.5925937088085131 183.84
W 12.740749670468105 9.555562252851079 0.0 183.84
W 3.1851874176170263 -3.1851874176170263 12.740749670468105 183.84
W 4.777781126425539 -1.5925937088085131 11.148155961659592 183.84
W 6.370374835234053 0.0 9.555562252851079 183.84
W 7.962968544042566 1.5925937088085131 7.962968544042566 183.84
W 9.555562252851079 3.1851874176170263 6.370374835234053 183.84
W 11.148155961659592 4.777781126425539 4.777781126425539 183.84
W 12.740749670468105 6.370374835234053 3.1851874176170263 183.84
W 14.333343379276618 7.962968544042566 1.5925937088085131 183.84
W 4.777781126425539 -4.777781126425539 14.333343379276618 183.84
W 6.370374835234053 -3.1851874176170263 12.740749670468105 183.84
W 7.962968544042566 -1.5925937088085131 11.148155961659592 183.84
W 9.555562252851079 0.0 9.555562252851079 183.84
W 11.148155961659592 1.5925937088085131 7.962968544042566 183.84
W 12.740749670468105 3.1851874176170263 6.370374835234053 183.84
W 14.333343379276618 4.777781126425539 4.777781126425539 183.84
W 15.925937088085131 6.370374835234053 3.1851874176170263 183.84
W 6.370374835234053 -6.370374835234053 15.925937088085131 183.84
W 7.962968544042566 -4.777781126425539 14.333343379276618 183.84
W 9.555562252851079 -3.1851874176170263 12.740749670468105 183.84
W 11.148155961659592 -1.5925937088085131 11.148155961659592 183.84
W 12.740749670468105 0.0 9.555562252851079 183.84
W 14.333343379276618 1.5925937088085131 7.962968544042566 183.84
W 15.925937088085131 3.1851874176170263 6.370374835234053 183.84
W 17.518530796893643 4.777781126425539 4.777781126425539 183.84
W -6.370374835234053 6.370374835234053 6.370374835234053 183.84
W -4.777781126425539 7.962968544042566 4.777781126425539 183.84
W -3.1851874176170263 9.555562252851079 3.1851874176170263 183.84
W -1.5925937088085131 11.148155961659592 1.5925937088085131 183.84
W 0.0 12.740749670468105 0.0 183.84
W 1.5925937088085131 14.333343379276618 -1.5925937088085131 183.84
W 3.1851874176170263 15.925937088085131 -3.1851874176170263 183.84
W 4.777781126425539 17.518530796893643 -4.777781126425539 183.84
W -4.777781126425539 4.777781126425539 7.962968544042566 183.84
W -3.1851874176170263 6.370374835234053 6.370374835234053 183.84
W -1.5925937088085131 7.962968544042566 4.777781126425539 183.84
W 0.0 9.555562252851079 3.1851874176170263 183.84
W 1.5925937088085131 11.148155961659592 1.5925937088085131 183.84
W 3.1851874176170263 12.740749670468105 0.0 183.84
W 4.777781126425539 14.333343379276618 -1.5925937088085131 183.84
W 6.370374835234053 15.925937088085131 -3.1851874176170263 183.84
W -3.1851874176170263 3.1851874176170263 9.555562252851079 183.84
W -1.5925937088085131 4.777781126425539 7.962968544042566 183.84
W 0.0 6.370374835234053 6.370374835234053 183.84
W 1.5925937088085131 7.962968544042566 4.777781126425539 183.84
W 3.1851874176170263 9.555562252851079 3.1851874176170263 183.84
W 4.777781126425539 11.148155961659592 1.5925937088085131 183.84
W 6.370374835234053 12.740749670468105 0.0 183.84
W 7.962968544042566 14.333343379276618 -1.5925937088085131 183.84
W -1.5925937088085131 1.5925937088085131 11.148155961659592 183.84
W 0.0 3.1851874176170263 9.555562252851079 183.84
W 1.5925937088085131 4.777781126425539 7.962968544042566 183.84
W 3.1851874176170263 6.370374835234053 6.370374835234053 183.84
W 4.777781126425539 7.962968544042566 4.777781126425539 183.84
W 6.370374835234053 9.555562252851079 3.1851874176170263 183.84
W 7.962968544042566 11.148155961659592 1.5925937088085131 183.84
W 9.555562252851079 12.740749670468105 0.0 183.84
W 0.0 0.0 12.740749670468105 183.84
W 1.5925937088085131 1.5925937088085131 11.148155961659592 183.84
W 3.1851874176170263 3.1851874176170263 9.555562252851079 183.84
W 4.777781126425539 4.777781126425539 7.962968544042566 183.84
W 6.370374835234053 6.370374835234053 6.370374835234053 183.84
W 7.962968544042566 7.962968544042566 4.777781126425539 183.84
W 9.555562252851079 9.555562252851079 3.1851874176170263 183.84
W 11.148155961659592 11.148155961659592 1.5925937088085131 183.84
W 1.5925937088085131 -1.5925937088085131 14.333343379276618 183.84
W 3.1851874176170263 0.0 12.740749670468105 183.84
W 4.777781126425539 1.5925937088085131 11.148155961659592 183.84
W 6.370374835234053 3.1851874176170263 9.555562252851079 183.84
W 7.962968544042566 4.777781126425539 7.962968544042566 183.84
W 9.555562252851079 6.370374835234053 6.370374835234053 183.84
W 11.148155961659592 7.962968544042566 4.777781126425539 183.84
W 12.740749670468105 9.555562252851079 3.1851874176170263 183.84
W 3.1851874176170263 -3.1851874176170263 15.925937088085131 183.84
W 4.777781126425539 -1.5925937088085131 14.333343379276618 183.84
W 6.370374835234053 0.0 12.740749670468105 183.84
W 7.962968544042566 1.5925937088085131 11.148155961659592 183.84
W 9.555562252851079 3.1851874176170263 9.555562252851079 183.84
W 11.148155961659592 4.777781126425539 7.962968544042566 183.84
W 12.740749670468105 6.370374835234053 6.370374835234053 183.84
W 14.333343379276618 7.962968544042566 4.777781126425539 183.84
W 4.777781126425539 -4.777781126425539 17.518530796893643 183.84
W 6.370374835234053 -3.1851874176170263 15.92593708808513 183.84
W 7.962968544042566 -1.5925937088085131 14.333343379276617 183.84
W 9.555562252851079 0.0 12.740749670468103 183.84
W 11.148155961659592 1.5925937088085131 11.14815596165959 183.84
W 12.740749670468105 3.1851874176170263 9.555562252851077 183.84
W 14.333343379276618 4.777781126425539 7.962968544042564 183.84
W 15.925937088085131 6.370374835234053 6.370374835234051 183.84
W -7.962968544042566 7.962968544042566 7.962968544042566 183.84
W -6.370374835234053 9.555562252851079 6.370374835234053 183.84
W -4.777781126425539 11.148155961659592 4.777781126425539 183.84
W -3.1851874176170263 12.740749670468105 3.1851874176170263 183.84
W -1.5925937088085131 14.333343379276618 1.5925937088085131 183.84
W 0.0 15.925937088085131 0.0 183.84
W 1.5925937088085131 17.518530796893643 -1.5925937088085131 183.84
W 3.1851874176170263 19.111124505702158 -3.1851874176170263 183.84
W -6.370374835234053 6.370374835234053 9.555562252851079 183.84
W -4.777781126425539 7.962968544042566 7.962968544042566 183.84
W -3.1851874176170263 9.555562252851079 6.370374835234053 183.84
W -1.5925937088085131 11.148155961659592 4.777781126425539 183.84
W 0.0 12.740749670468105 3.1851874176170263 183.84
W 1.5925937088085131 14.333343379276618 1.5925937088085131 183.84
W 3.1851874176170263 15.925937088085131 0.0 183.84
W 4.777781126425539 17.518530796893643 -1.5925937088085131 183.84
W -4.777781126425539 4.777781126425539 11.148155961659592 183.84
W -3.1851874176170263 6.370374835234053 9.555562252851079 183.84
W -1.5925937088085131 7.962968544042566 7.962968544042566 183.84
W 0.0 9.555562252851079 6.370374835234053 183.84
W 1.5925937088085131 11.148155961659592 4.777781126425539 183.84
W 3.1851874176170263 12.740749670468105 3.1851874176170263 183.84
W 4.777781126425539 14.333343379276618 1.5925937088085131 183.84
W 6.370374835234053 15.925937088085131 0.0 183.84
W -3.1851874176170263 3.1851874176170263 12.740749670468105 183.84
W -1.5925937088085131 4.777781126425539 11.148155961659592 183.84
W 0.0 6.370374835234053 9.555562252851079 183.84
W 1.5925937088085131 7.962968544042566 7.962968544042566 183.84
W 3.1851874176170263 9.555562252851079 6.370374835234053 183.84
W 4.777781126425539 11.148155961659592 4.777781126425539 183.84
W 6.370374835234053 12.740749670468105 3.1851874176170263 183.84
W 7.962968544042566 14.333343379276618 1.5925937088085131 183.84
W -1.5925937088085131 1.5925937088085131 14.333343379276618 183.84
W 0.0 3.1851874176170263 12.740749670468105 183.84
W 1.5925937088085131 4.777781126425539 11.148155961659592 183.84
W 3.1851874176170263 6.370374835234053 9.555562252851079 183.84
W 4.777781126425539 7.962968544042566 7.962968544042566 183.84
W 6.370374835234053 9.555562252851079 6.370374835234053 183.84
W 7.962968544042566 11.148155961659592 4.777781126425539 183.84
W 9.555562252851079 12.740749670468105 3.1851874176170263 183.84
W 0.0 0.0 15.925937088085131 183.84
W 1.5925937088085131 1.5925937088085131 14.333343379276618 183.84
W 3.1851874176170263 3.1851874176170263 12.740749670468105 183.84
W 4.777781126425539 4.777781126425539 11.148155961659592 183.84
W 6.370374835234053 6.370374835234053 9.555562252851079 183.84
W 7.962968544042566 7.962968544042566 7.962968544042566 183.84
W 9.555562252851079 9.555562252851079 6.370374835234053 183.84
W 11.148155961659592 11.148155961659592 4.777781126425539 183.84
W 1.5925937088085131 -1.5925937088085131 17.518530796893643 183.84
W 3.1851874176170263 0.0 15.92593708808513 183.84
W 4.777781126425539 1.5925937088085131 14.333343379276617 183.84
W 6.370374835234053 3.1851874176170263 12.740749670468103 183.84
W 7.962968544042566 4.777781126425539 11.14815596165959 183.84
W 9.555562252851079 6.370374835234053 9.555562252851077 183.84
W 11.148155961659592 7.962968544042566 7.962968544042564 183.84
W 12.740749670468105 9.555562252851079 6.370374835234051 183.84
W 3.1851874176170263 -3.1851874176170263 19.111124505702158 183.84
W 4.777781126425539 -1.5925937088085131 17.518530796893643 183.84
W 6.370374835234053 0.0 15.925937088085131 183.84
W 7.962968544042566 1.5925937088085131 14.333343379276618 183.84
W 9.555562252851079 3.1851874176170263 12.740749670468105 183.84
W 11.148155961659592 4.777781126425539 11.148155961659592 183.84
W 12.740749670468105 6.370374835234053 9.555562252851079 183.84
W 14.333343379276618 7.962968544042566 7.962968544042566 183.84
W -9.555562252851079 9.555562252851079 9.555562252851079 183.84
W -7.962968544042566 11.148155961659592 7.962968544042566 183.84
W -6.370374835234053 12.740749670468105 6.370374835234053 183.84
W -4.777781126425539 14.333343379276618 4.777781126425539 183.84
W -3.1851874176170263 15.925937088085131 3.1851874176170263 183.84
W -1.5925937088085131 17.518530796893643 1.5925937088085131 183.84
W 0.0 19.111124505702158 0.0 183.84
W 1.5925937088085131 20.703718214510673 -1.5925937088085131 183.84
W -7.962968544042566 7.962968544042566 11.148155961659592 183.84
W -6.370374835234053 9.555562252851079 9.555562252851079 183.84
W -4.777781126425539 11.148155961659592 7.962968544042566 183.84
W -3.1851874176170263 12.740749670468105 6.370374835234053 183.84
W -1.5925937088085131 14.333343379276618 4.777781126425539 183.84
W 0.0 15.925937088085131 3.1851874176170263 183.84
W 1.5925937088085131 17.518530796893643 1.5925937088085131 183.84
W 3.1851874176170263 19.111124505702158 0.0 183.84
W -6.370374835234053 6.370374835234053 12.740749670468105 183.84
W -4.777781126425539 7.962968544042566 11.148155961659592 183.84
W -3.1851874176170263 9.555562252851079 9.555562252851079 183.84
W -1.5925937088085131 11.148155961659592 7.962968544042566 183.84
W 0.0 12.740749670468105 6.370374835234053 183.84
W 1.5925937088085131 14.333343379276618 4.777781126425539 183.84
W 3.1851874176170263 15.925937088085131 3.1851874176170263 183.84
W 4.777781126425539 17.518530796893643 1.5925937088085131 183.84
W -4.777781126425539 4.777781126425539 14.333343379276618 183.84
W -3.1851874176170263 6.370374835234053 12.740749670468105 183.84
W -1.5925937088085131 7.962968544042566 11.148155961659592 183.84
W 0.0 9.555562252851079 9.555562252851079 183.84
W 1.5925937088085131 11.148155961659592 7.962968544042566 183.84
W 3.1851874176170263 12.740749670468105 6.370374835234053 183.84
W 4.777781126425539 14.333343379276618 4.777781126425539 183.84
W 6.370374835234053 15.925937088085131 3.1851874176170263 183.84
W -3.1851874176170263 3.1851874176170263 15.925937088085131 183.84
W -1.5925937088085131 4.777781126425539 14.333343379276618 183.84
W 0.0 6.370374835234053 12.740749670468105 183.84
W 1.5925937088085131 7.962968544042566 11.148155961659592 183.84
W 3.1851874176170263 9.555562252851079 9.555562252851079 183.84
W 4.777781126425539 11.148155961659592 7.962968544042566 183.84
W 6.370374835234053 12.740749670468105 6.370374835234053 183.84
W 7.962968544042566 14.333343379276618 4.777781126425539 183.84
W -1.5925937088085131 1.5925937088085131 17.518530796893643 183.84
W 0.0 3.1851874176170263 15.92593708808513 183.84
W 1.5925937088085131 4.777781126425539 14.333343379276617 183.84
W 3.1851874176170263 6.370374835234053 12.740749670468103 183.84
W 4.777781126425539 7.962968544042566 11.14815596165959 183.84
W 6.370374835234053 9.555562252851079 9.555562252851077 183.84
W 7.962968544042566 11.148155961659592 7.962968544042564 183.84
W 9.555562252851079 12.740749670468105 6.370374835234051 183.84
W 0.0 0.0 19.111124505702158 183.84
W 1.5925937088085131 1.5925937088085131 17.518530796893643 183.84
W 3.1851874176170263 3.1851874176170263 15.925937088085131 183.84
W 4.777781126425539 4.777781126425539 14.333343379276618 183.84
W 6.370374835234053 6.370374835234053 12.740749670468105 183.84
W 7.962968544042566 7.962968544042566 11.148155961659592 183.84
W 9.555562252851079 9.555562252851079 9.555562252851079 183.84
W 11.148155961659592 11.148155961659592 7.962968544042566 183.84
W 1.5925937088085131 -1.5925937088085131 20.703718214510673 183.84
W 3.1851874176170263 0.0 19.111124505702158 183.84
W 4.777781126425539 1.5925937088085131 17.518530796893646 183.84
W 6.370374835234053 3.1851874176170263 15.925937088085133 183.84
W 7.962968544042566 4.777781126425539 14.33334337927662 183.84
W 9.555562252851079 6.370374835234053 12.740749670468107 183.84
W 11.148155961659592 7.962968544042566 11.148155961659594 183.84
W 12.740749670468105 9.555562252851079 9.55556225285108 183.84
W -11.148155961659592 11.148155961659592 11.148155961659592 183.84
W -9.555562252851079 12.740749670468105 9.555562252851079 183.84
W -7.962968544042566 14.333343379276618 7.962968544042566 183.84
W -6.370374835234053 15.925937088085131 6.370374835234053 183.84
W -4.777781126425539 17.518530796893643 4.777781126425539 183.84
W -3.1851874176170263 19.111124505702158 3.1851874176170263 183.84
W -1.5925937088085131 20.703718214510673 1.5925937088085131 183.84
W 0.0 22.296311923319184 0.0 183.84
W -9.555562252851079 9.555562252851079 12.740749670468105 183.84
W -7.962968544042566 11.148155961659592 11.148155961659592 183.84
W -6.370374835234053 12.740749670468105 9.555562252851079 183.84
W -4.777781126425539 14.333343379276618 7.962968544042566 183.84
W -3.1851874176170263 15.925937088085131 6.370374835234053 183.84
W -1.5925937088085131 17.518530796893643 4.777781126425539 183.84
W 0.0 19.111124505702158 3.1851874176170263 183.84
W 1.5925937088085131 20.703718214510673 1.5925937088085131 183.84
W -7.962968544042566 7.962968544042566 14.333343379276618 183.84
W -6.370374835234053 9.555562252851079 12.740749670468105 183.84
W -4.777781126425539 11.148155961659592 11.148155961659592 183.84
W -3.1851874176170263 12.740749670468105 9.555562252851079 183.84
W -1.5925937088085131 14.333343379276618 7.962968544042566 183.84
W 0.0 15.925937088085131 6.370374835234053 183.84
W 1.5925937088085131 17.518530796893643 4.777781126425539 183.84
W 3.1851874176170263 19.111124505702158 3.1851874176170263 183.84
W -6.370374835234053 6.370374835234053 15.925937088085131 183.84
W -4.777781126425539 7.962968544042566 14.333343379276618 183.84
W -3.1851874176170263 9.555562252851079 12.740749670468105 183.84
W -1.5925937088085131 11.148155961659592 11.148155961659592 183.84
W 0.0 12.740749670468105 9.555562252851079 183.84
W 1.5925937088085131 14.333343379276618 7.962968544042566 183.84
W 3.1851874176170263 15.925937088085131 6.370374835234053 183.84
W 4.777781126425539 17.518530796893643 4.777781126425539 183.84
W -4.777781126425539 4.777781126425539 17.518530796893643 183.84
W -3.1851874176170263 6.370374835234053 15.92593708808513 183.84
W -1.5925937088085131 7.962968544042566 14.333343379276617 183.84
W 0.0 9.555562252851079 12.740749670468103 183.84
W 1.5925937088085131 11.148155961659592 11.14815596165959 183.84
W 3.1851874176170263 12.740749670468105 9.555562252851077 183.84
W 4.777781126425539 14.333343379276618 7.962968544042564 183.84
W 6.370374835234053 15.925937088085131 6.370374835234051 183.84
W -3.1851874176170263 3.1851874176170263 19.111124505702158 183.84
W -1.5925937088085131 4.777781126425539 17.518530796893643 183.84
W 0.0 6.370374835234053 15.925937088085131 183.84
W 1.5925937088085131 7.962968544042566 14.333343379276618 183.84
W 3.1851874176170263 9.555562252851079 12.740749670468105 183.84
W 4.777781126425539 11.148155961659592 11.148155961659592 183.84
W 6.370374835234053 12.740749670468105 9.555562252851079 183.84
W 7.962968544042566 14.333343379276618 7.962968544042566 183.84
W -1.5925937088085131 1.5925937088085131 20.703718214510673 183.84
W 0.0 3.1851874176170263 19.111124505702158 183.84
W 1.5925937088085131 4.777781126425539 17.518530796893646 183.84
W 3.1851874176170263 6.370374835234053 15.925937088085133 183.84
W 4.777781126425539 7.962968544042566 14.33334337927662 183.84
W 6.370374835234053 9.555562252851079 12.740749670468107 183.84
W 7.962968544042566 11.148155961659592 11.148155961659594 183.84
W 9.555562252851079 12.740749670468105 9.55556225285108 183.84
W 0.0 0.0 22.296311923319184 183.84
W 1.5925937088085131 1.5925937088085131 20.703718214510673 183.84
W 3.1851874176170263 3.1851874176170263 19.111124505702158 183.84
W 4.777781126425539 4.777781126425539 17.518530796893643 183.84
W 6.370374835234053 6.370374835234053 15.925937088085131 183.84
W 7.962968544042566 7.962968544042566 14.333343379276618 183.84
W 9.555562252851079 9.555562252851079 12.740749670468105 183.84
W 11.148155961659592 11.148155961659592 11.148155961659592 183.84